2 + 3
x <- 50
x
x * 2